
%cm
lien0_5 = 8.46 + 7.012 + 8.04 + 9.06
lien1_6 = 8.36 + 8.57 + 8.65 + 8.25 + 7.053 + 8.51 + 4.92
lien2_6 = 8.67 + 12.88 + 12.38 + 9.76 + 8.25 + 6.08

lien0_1 = 8.69 + 7.01 + 8.56 + 11.26
lien1_2 = 17.85;
lien2_3 = 15.61;

lien5_6 = 7.01 + 12.85 + 8.56 + 7.01 + 8.09 + 8.69 + 10.66
lien10_17 = 9.06 + 8.69 + 8.56 + 36.18 + 6.13 + 11.26

lien3_8 = 15.69;
lien8_14 = 14.32;
lien13_14 = 13.28;
lien14_18 = 10.93;
lien17_18 = 21.45;
lien6_11 = 8.73;
