
%cm
lien0_4 = 8.46 + 7.012 + 8.04 + 9.06
lien1_5 = 10.12 + 6.1 + 11.13 + 8.36
lien2_6 = 8.57 + 8.69 + 10.95 + 12.27

lien0_1 = 8.69 + 7.01 + 8.56 + 11.26
lien1_2 = 17.85;
lien2_3 = 15.61;

lien4_8 = 8.77;
lien5_6 = 23.93;

lien4_5 = 7.01 + 12.85 + 8.56 + 7.01 + 8.09 + 8.69 + 10.66
lien8_12 = 10;

lien3_7 = 15.69;
lien7_11 = 14.32;
lien10_11 = 13.28;
lien11_15 = 10.93;
lien14_15 = 15.2;
lien12_13 = 14.28;
lien8_9 = 47.8;
lien5_9 = 8.73;
lien13_14 = 9.06 + 10.7 + 11.8 + 20.86


lien0_1 + lien1_5 + lien5_9 

lien0_4 + lien4_8 + lien8_9

lien0_4 + lien4_5 + lien5_9

lien0_1 + lien1_2 + lien2_6 + lien5_6 + lien5_9